0.679367
0.929802
1.21393
1.5213
1.84072
2.16062
2.46943
2.75594
3.0097
3.22131
3.38275
3.48762
3.53139
3.5115
3.42746
3.28086
3.07534
2.81645
2.51148
2.1692
1.79964
1.41368
1.02277
0.638536
0.272385
-0.0648413
-0.363221
-0.614073
-0.810245
-0.946336
-1.01887
-1.02641
-0.969624
-0.851222
-0.675902
-0.450192
-0.182231
0.118487
0.441429
0.775346
1.10866
1.42981
1.72766
1.99183
2.21303
2.38338
2.49668
2.54854
2.53661
2.46058
2.32226
2.12546
1.87589
1.581
1.2497
0.892087
0.519141
0.14233
-0.226731
-0.576665
-0.896702
-1.17703
-1.40909
-1.58588
-1.70219
-1.75472
-1.74223
-1.66558
-1.52766
-1.33337
-1.08939
-0.803981
-0.486764
-0.148351
0.199967
0.546592
0.879994
1.18908
1.46357
1.69429
1.87352
1.99519
2.05512
2.05115
1.98316
1.85314
1.6651
1.42493
1.1402
0.819958
0.474404
0.114568
-0.248048
-0.601834
-0.935457
-1.23822
-1.50041
-1.71362
-1.87099
-1.96749
-2
-1.96749
-1.87099
-1.71362
-1.50041
-1.23822
-0.935457
-0.601834
-0.248048
0.114568
0.474404
0.819958
1.1402
1.42493
1.6651
1.85314
1.98316
2.05115
2.05512
1.99519
1.87352
1.69429
1.46357
1.18908
0.879994
0.546592
0.199967
-0.148351
-0.486764
-0.803981
-1.08939
-1.33337
-1.52766
-1.66558
-1.74223
-1.75472
-1.70219
-1.58588
-1.40909
-1.17703
-0.896702
-0.576665
-0.226731
0.14233
0.519141
0.892087
1.2497
1.581
1.87589
2.12546
2.32226
2.46058
2.53661
2.54854
2.49668
2.38338
2.21303
1.99183
1.72766
1.42981
1.10866
0.775346
0.441429
0.118487
-0.182231
-0.450192
-0.675902
-0.851222
-0.969624
-1.02641
-1.01887
-0.946336
-0.810245
-0.614073
-0.363221
-0.0648413
0.272385
0.638536
1.02277
1.41368
1.79964
2.1692
2.51148
2.81645
3.07534
3.28086
3.42746
3.5115
3.53139
3.48762
3.38275
3.22131
3.0097
2.75594
2.46943
2.16062
1.84072
1.5213
1.21393
0.929802
0.679367